1025
0 0 -10000
1 2.4916 -10000
2 6.05102 -10000
3 11.1359 -10000
4 18.4001 -10000
5 28.7774 -10000
6 43.6021 -10000
7 64.7804 -10000
8 95.035 -10000
9 138.256 -10000
10 200 -10000
11 290 -10000
12 380 -10000
13 470 -10000
14 560 -10000
15 650 -10000
16 740 -10000
17 830 -10000
18 920 -10000
19 1010 -10000
20 1100 -10000
21 1190 -10000
22 1280 -10000
23 1370 -10000
24 1460 -10000
25 1550 -10000
26 1640 -10000
27 1730 -10000
28 1820 -10000
29 1910 -10000
30 2000 -10000
31 3183.6 -10000
32 4259.61 -10000
33 5237.79 -10000
34 6127.05 -10000
35 6935.46 -10000
36 7670.39 -10000
37 8338.5 -10000
38 8945.88 -10000
39 9498.04 -10000
40 10000 -10000
41 0 -9891.95
42 2.4916 -9891.95
43 6.05102 -9891.95
44 11.1359 -9891.95
45 18.4001 -9891.95
46 28.7774 -9891.95
47 43.6021 -9891.95
48 64.7804 -9891.95
49 95.035 -9891.95
50 138.256 -9891.95
51 200 -9891.95
52 290 -9891.95
53 380 -9891.95
54 470 -9891.95
55 560 -9891.95
56 650 -9891.95
57 740 -9891.95
58 830 -9891.95
59 920 -9891.95
60 1010 -9891.95
61 1100 -9891.95
62 1190 -9891.95
63 1280 -9891.95
64 1370 -9891.95
65 1460 -9891.95
66 1550 -9891.95
67 1640 -9891.95
68 1730 -9891.95
69 1820 -9891.95
70 1910 -9891.95
71 2000 -9891.95
72 3183.6 -9891.95
73 4259.61 -9891.95
74 5237.79 -9891.95
75 6127.05 -9891.95
76 6935.46 -9891.95
77 7670.39 -9891.95
78 8338.5 -9891.95
79 8945.88 -9891.95
80 9498.04 -9891.95
81 10000 -9891.95
82 0 -9737.59
83 2.4916 -9737.59
84 6.05102 -9737.59
85 11.1359 -9737.59
86 18.4001 -9737.59
87 28.7774 -9737.59
88 43.6021 -9737.59
89 64.7804 -9737.59
90 95.035 -9737.59
91 138.256 -9737.59
92 200 -9737.59
93 290 -9737.59
94 380 -9737.59
95 470 -9737.59
96 560 -9737.59
97 650 -9737.59
98 740 -9737.59
99 830 -9737.59
100 920 -9737.59
101 1010 -9737.59
102 1100 -9737.59
103 1190 -9737.59
104 1280 -9737.59
105 1370 -9737.59
106 1460 -9737.59
107 1550 -9737.59
108 1640 -9737.59
109 1730 -9737.59
110 1820 -9737.59
111 1910 -9737.59
112 2000 -9737.59
113 3183.6 -9737.59
114 4259.61 -9737.59
115 5237.79 -9737.59
116 6127.05 -9737.59
117 6935.46 -9737.59
118 7670.39 -9737.59
119 8338.5 -9737.59
120 8945.88 -9737.59
121 9498.04 -9737.59
122 10000 -9737.59
123 0 -9517.08
124 2.4916 -9517.08
125 6.05102 -9517.08
126 11.1359 -9517.08
127 18.4001 -9517.08
128 28.7774 -9517.08
129 43.6021 -9517.08
130 64.7804 -9517.08
131 95.035 -9517.08
132 138.256 -9517.08
133 200 -9517.08
134 290 -9517.08
135 380 -9517.08
136 470 -9517.08
137 560 -9517.08
138 650 -9517.08
139 740 -9517.08
140 830 -9517.08
141 920 -9517.08
142 1010 -9517.08
143 1100 -9517.08
144 1190 -9517.08
145 1280 -9517.08
146 1370 -9517.08
147 1460 -9517.08
148 1550 -9517.08
149 1640 -9517.08
150 1730 -9517.08
151 1820 -9517.08
152 1910 -9517.08
153 2000 -9517.08
154 3183.6 -9517.08
155 4259.61 -9517.08
156 5237.79 -9517.08
157 6127.05 -9517.08
158 6935.46 -9517.08
159 7670.39 -9517.08
160 8338.5 -9517.08
161 8945.88 -9517.08
162 9498.04 -9517.08
163 10000 -9517.08
164 0 -9202.07
165 2.4916 -9202.07
166 6.05102 -9202.07
167 11.1359 -9202.07
168 18.4001 -9202.07
169 28.7774 -9202.07
170 43.6021 -9202.07
171 64.7804 -9202.07
172 95.035 -9202.07
173 138.256 -9202.07
174 200 -9202.07
175 290 -9202.07
176 380 -9202.07
177 470 -9202.07
178 560 -9202.07
179 650 -9202.07
180 740 -9202.07
181 830 -9202.07
182 920 -9202.07
183 1010 -9202.07
184 1100 -9202.07
185 1190 -9202.07
186 1280 -9202.07
187 1370 -9202.07
188 1460 -9202.07
189 1550 -9202.07
190 1640 -9202.07
191 1730 -9202.07
192 1820 -9202.07
193 1910 -9202.07
194 2000 -9202.07
195 3183.6 -9202.07
196 4259.61 -9202.07
197 5237.79 -9202.07
198 6127.05 -9202.07
199 6935.46 -9202.07
200 7670.39 -9202.07
201 8338.5 -9202.07
202 8945.88 -9202.07
203 9498.04 -9202.07
204 10000 -9202.07
205 0 -8752.04
206 2.4916 -8752.04
207 6.05102 -8752.04
208 11.1359 -8752.04
209 18.4001 -8752.04
210 28.7774 -8752.04
211 43.6021 -8752.04
212 64.7804 -8752.04
213 95.035 -8752.04
214 138.256 -8752.04
215 200 -8752.04
216 290 -8752.04
217 380 -8752.04
218 470 -8752.04
219 560 -8752.04
220 650 -8752.04
221 740 -8752.04
222 830 -8752.04
223 920 -8752.04
224 1010 -8752.04
225 1100 -8752.04
226 1190 -8752.04
227 1280 -8752.04
228 1370 -8752.04
229 1460 -8752.04
230 1550 -8752.04
231 1640 -8752.04
232 1730 -8752.04
233 1820 -8752.04
234 1910 -8752.04
235 2000 -8752.04
236 3183.6 -8752.04
237 4259.61 -8752.04
238 5237.79 -8752.04
239 6127.05 -8752.04
240 6935.46 -8752.04
241 7670.39 -8752.04
242 8338.5 -8752.04
243 8945.88 -8752.04
244 9498.04 -8752.04
245 10000 -8752.04
246 0 -8109.15
247 2.4916 -8109.15
248 6.05102 -8109.15
249 11.1359 -8109.15
250 18.4001 -8109.15
251 28.7774 -8109.15
252 43.6021 -8109.15
253 64.7804 -8109.15
254 95.035 -8109.15
255 138.256 -8109.15
256 200 -8109.15
257 290 -8109.15
258 380 -8109.15
259 470 -8109.15
260 560 -8109.15
261 650 -8109.15
262 740 -8109.15
263 830 -8109.15
264 920 -8109.15
265 1010 -8109.15
266 1100 -8109.15
267 1190 -8109.15
268 1280 -8109.15
269 1370 -8109.15
270 1460 -8109.15
271 1550 -8109.15
272 1640 -8109.15
273 1730 -8109.15
274 1820 -8109.15
275 1910 -8109.15
276 2000 -8109.15
277 3183.6 -8109.15
278 4259.61 -8109.15
279 5237.79 -8109.15
280 6127.05 -8109.15
281 6935.46 -8109.15
282 7670.39 -8109.15
283 8338.5 -8109.15
284 8945.88 -8109.15
285 9498.04 -8109.15
286 10000 -8109.15
287 0 -7190.74
288 2.4916 -7190.74
289 6.05102 -7190.74
290 11.1359 -7190.74
291 18.4001 -7190.74
292 28.7774 -7190.74
293 43.6021 -7190.74
294 64.7804 -7190.74
295 95.035 -7190.74
296 138.256 -7190.74
297 200 -7190.74
298 290 -7190.74
299 380 -7190.74
300 470 -7190.74
301 560 -7190.74
302 650 -7190.74
303 740 -7190.74
304 830 -7190.74
305 920 -7190.74
306 1010 -7190.74
307 1100 -7190.74
308 1190 -7190.74
309 1280 -7190.74
310 1370 -7190.74
311 1460 -7190.74
312 1550 -7190.74
313 1640 -7190.74
314 1730 -7190.74
315 1820 -7190.74
316 1910 -7190.74
317 2000 -7190.74
318 3183.6 -7190.74
319 4259.61 -7190.74
320 5237.79 -7190.74
321 6127.05 -7190.74
322 6935.46 -7190.74
323 7670.39 -7190.74
324 8338.5 -7190.74
325 8945.88 -7190.74
326 9498.04 -7190.74
327 10000 -7190.74
328 0 -5878.72
329 2.4916 -5878.72
330 6.05102 -5878.72
331 11.1359 -5878.72
332 18.4001 -5878.72
333 28.7774 -5878.72
334 43.6021 -5878.72
335 64.7804 -5878.72
336 95.035 -5878.72
337 138.256 -5878.72
338 200 -5878.72
339 290 -5878.72
340 380 -5878.72
341 470 -5878.72
342 560 -5878.72
343 650 -5878.72
344 740 -5878.72
345 830 -5878.72
346 920 -5878.72
347 1010 -5878.72
348 1100 -5878.72
349 1190 -5878.72
350 1280 -5878.72
351 1370 -5878.72
352 1460 -5878.72
353 1550 -5878.72
354 1640 -5878.72
355 1730 -5878.72
356 1820 -5878.72
357 1910 -5878.72
358 2000 -5878.72
359 3183.6 -5878.72
360 4259.61 -5878.72
361 5237.79 -5878.72
362 6127.05 -5878.72
363 6935.46 -5878.72
364 7670.39 -5878.72
365 8338.5 -5878.72
366 8945.88 -5878.72
367 9498.04 -5878.72
368 10000 -5878.72
369 0 -4004.41
370 2.4916 -4004.41
371 6.05102 -4004.41
372 11.1359 -4004.41
373 18.4001 -4004.41
374 28.7774 -4004.41
375 43.6021 -4004.41
376 64.7804 -4004.41
377 95.035 -4004.41
378 138.256 -4004.41
379 200 -4004.41
380 290 -4004.41
381 380 -4004.41
382 470 -4004.41
383 560 -4004.41
384 650 -4004.41
385 740 -4004.41
386 830 -4004.41
387 920 -4004.41
388 1010 -4004.41
389 1100 -4004.41
390 1190 -4004.41
391 1280 -4004.41
392 1370 -4004.41
393 1460 -4004.41
394 1550 -4004.41
395 1640 -4004.41
396 1730 -4004.41
397 1820 -4004.41
398 1910 -4004.41
399 2000 -4004.41
400 3183.6 -4004.41
401 4259.61 -4004.41
402 5237.79 -4004.41
403 6127.05 -4004.41
404 6935.46 -4004.41
405 7670.39 -4004.41
406 8338.5 -4004.41
407 8945.88 -4004.41
408 9498.04 -4004.41
409 10000 -4004.41
410 0 -3688.91
411 2.4916 -3688.91
412 6.05102 -3688.91
413 11.1359 -3688.91
414 18.4001 -3688.91
415 28.7774 -3688.91
416 43.6021 -3688.91
417 64.7804 -3688.91
418 95.035 -3688.91
419 138.256 -3688.91
420 200 -3688.91
421 290 -3688.91
422 380 -3688.91
423 470 -3688.91
424 560 -3688.91
425 650 -3688.91
426 740 -3688.91
427 830 -3688.91
428 920 -3688.91
429 1010 -3688.91
430 1100 -3688.91
431 1190 -3688.91
432 1280 -3688.91
433 1370 -3688.91
434 1460 -3688.91
435 1550 -3688.91
436 1640 -3688.91
437 1730 -3688.91
438 1820 -3688.91
439 1910 -3688.91
440 2000 -3688.91
441 3183.6 -3688.91
442 4259.61 -3688.91
443 5237.79 -3688.91
444 6127.05 -3688.91
445 6935.46 -3688.91
446 7670.39 -3688.91
447 8338.5 -3688.91
448 8945.88 -3688.91
449 9498.04 -3688.91
450 10000 -3688.91
451 0 -3373.4
452 2.4916 -3373.4
453 6.05102 -3373.4
454 11.1359 -3373.4
455 18.4001 -3373.4
456 28.7774 -3373.4
457 43.6021 -3373.4
458 64.7804 -3373.4
459 95.035 -3373.4
460 138.256 -3373.4
461 200 -3373.4
462 290 -3373.4
463 380 -3373.4
464 470 -3373.4
465 560 -3373.4
466 650 -3373.4
467 740 -3373.4
468 830 -3373.4
469 920 -3373.4
470 1010 -3373.4
471 1100 -3373.4
472 1190 -3373.4
473 1280 -3373.4
474 1370 -3373.4
475 1460 -3373.4
476 1550 -3373.4
477 1640 -3373.4
478 1730 -3373.4
479 1820 -3373.4
480 1910 -3373.4
481 2000 -3373.4
482 3183.6 -3373.4
483 4259.61 -3373.4
484 5237.79 -3373.4
485 6127.05 -3373.4
486 6935.46 -3373.4
487 7670.39 -3373.4
488 8338.5 -3373.4
489 8945.88 -3373.4
490 9498.04 -3373.4
491 10000 -3373.4
492 0 -3057.9
493 2.4916 -3057.9
494 6.05102 -3057.9
495 11.1359 -3057.9
496 18.4001 -3057.9
497 28.7774 -3057.9
498 43.6021 -3057.9
499 64.7804 -3057.9
500 95.035 -3057.9
501 138.256 -3057.9
502 200 -3057.9
503 290 -3057.9
504 380 -3057.9
505 470 -3057.9
506 560 -3057.9
507 650 -3057.9
508 740 -3057.9
509 830 -3057.9
510 920 -3057.9
511 1010 -3057.9
512 1100 -3057.9
513 1190 -3057.9
514 1280 -3057.9
515 1370 -3057.9
516 1460 -3057.9
517 1550 -3057.9
518 1640 -3057.9
519 1730 -3057.9
520 1820 -3057.9
521 1910 -3057.9
522 2000 -3057.9
523 3183.6 -3057.9
524 4259.61 -3057.9
525 5237.79 -3057.9
526 6127.05 -3057.9
527 6935.46 -3057.9
528 7670.39 -3057.9
529 8338.5 -3057.9
530 8945.88 -3057.9
531 9498.04 -3057.9
532 10000 -3057.9
533 0 -2742.4
534 2.4916 -2742.4
535 6.05102 -2742.4
536 11.1359 -2742.4
537 18.4001 -2742.4
538 28.7774 -2742.4
539 43.6021 -2742.4
540 64.7804 -2742.4
541 95.035 -2742.4
542 138.256 -2742.4
543 200 -2742.4
544 290 -2742.4
545 380 -2742.4
546 470 -2742.4
547 560 -2742.4
548 650 -2742.4
549 740 -2742.4
550 830 -2742.4
551 920 -2742.4
552 1010 -2742.4
553 1100 -2742.4
554 1190 -2742.4
555 1280 -2742.4
556 1370 -2742.4
557 1460 -2742.4
558 1550 -2742.4
559 1640 -2742.4
560 1730 -2742.4
561 1820 -2742.4
562 1910 -2742.4
563 2000 -2742.4
564 3183.6 -2742.4
565 4259.61 -2742.4
566 5237.79 -2742.4
567 6127.05 -2742.4
568 6935.46 -2742.4
569 7670.39 -2742.4
570 8338.5 -2742.4
571 8945.88 -2742.4
572 9498.04 -2742.4
573 10000 -2742.4
574 0 -2426.9
575 2.4916 -2426.9
576 6.05102 -2426.9
577 11.1359 -2426.9
578 18.4001 -2426.9
579 28.7774 -2426.9
580 43.6021 -2426.9
581 64.7804 -2426.9
582 95.035 -2426.9
583 138.256 -2426.9
584 200 -2426.9
585 290 -2426.9
586 380 -2426.9
587 470 -2426.9
588 560 -2426.9
589 650 -2426.9
590 740 -2426.9
591 830 -2426.9
592 920 -2426.9
593 1010 -2426.9
594 1100 -2426.9
595 1190 -2426.9
596 1280 -2426.9
597 1370 -2426.9
598 1460 -2426.9
599 1550 -2426.9
600 1640 -2426.9
601 1730 -2426.9
602 1820 -2426.9
603 1910 -2426.9
604 2000 -2426.9
605 3183.6 -2426.9
606 4259.61 -2426.9
607 5237.79 -2426.9
608 6127.05 -2426.9
609 6935.46 -2426.9
610 7670.39 -2426.9
611 8338.5 -2426.9
612 8945.88 -2426.9
613 9498.04 -2426.9
614 10000 -2426.9
615 0 -2111.4
616 2.4916 -2111.4
617 6.05102 -2111.4
618 11.1359 -2111.4
619 18.4001 -2111.4
620 28.7774 -2111.4
621 43.6021 -2111.4
622 64.7804 -2111.4
623 95.035 -2111.4
624 138.256 -2111.4
625 200 -2111.4
626 290 -2111.4
627 380 -2111.4
628 470 -2111.4
629 560 -2111.4
630 650 -2111.4
631 740 -2111.4
632 830 -2111.4
633 920 -2111.4
634 1010 -2111.4
635 1100 -2111.4
636 1190 -2111.4
637 1280 -2111.4
638 1370 -2111.4
639 1460 -2111.4
640 1550 -2111.4
641 1640 -2111.4
642 1730 -2111.4
643 1820 -2111.4
644 1910 -2111.4
645 2000 -2111.4
646 3183.6 -2111.4
647 4259.61 -2111.4
648 5237.79 -2111.4
649 6127.05 -2111.4
650 6935.46 -2111.4
651 7670.39 -2111.4
652 8338.5 -2111.4
653 8945.88 -2111.4
654 9498.04 -2111.4
655 10000 -2111.4
656 0 -1795.9
657 2.4916 -1795.9
658 6.05102 -1795.9
659 11.1359 -1795.9
660 18.4001 -1795.9
661 28.7774 -1795.9
662 43.6021 -1795.9
663 64.7804 -1795.9
664 95.035 -1795.9
665 138.256 -1795.9
666 200 -1795.9
667 290 -1795.9
668 380 -1795.9
669 470 -1795.9
670 560 -1795.9
671 650 -1795.9
672 740 -1795.9
673 830 -1795.9
674 920 -1795.9
675 1010 -1795.9
676 1100 -1795.9
677 1190 -1795.9
678 1280 -1795.9
679 1370 -1795.9
680 1460 -1795.9
681 1550 -1795.9
682 1640 -1795.9
683 1730 -1795.9
684 1820 -1795.9
685 1910 -1795.9
686 2000 -1795.9
687 3183.6 -1795.9
688 4259.61 -1795.9
689 5237.79 -1795.9
690 6127.05 -1795.9
691 6935.46 -1795.9
692 7670.39 -1795.9
693 8338.5 -1795.9
694 8945.88 -1795.9
695 9498.04 -1795.9
696 10000 -1795.9
697 0 -1480.39
698 2.4916 -1480.39
699 6.05102 -1480.39
700 11.1359 -1480.39
701 18.4001 -1480.39
702 28.7774 -1480.39
703 43.6021 -1480.39
704 64.7804 -1480.39
705 95.035 -1480.39
706 138.256 -1480.39
707 200 -1480.39
708 290 -1480.39
709 380 -1480.39
710 470 -1480.39
711 560 -1480.39
712 650 -1480.39
713 740 -1480.39
714 830 -1480.39
715 920 -1480.39
716 1010 -1480.39
717 1100 -1480.39
718 1190 -1480.39
719 1280 -1480.39
720 1370 -1480.39
721 1460 -1480.39
722 1550 -1480.39
723 1640 -1480.39
724 1730 -1480.39
725 1820 -1480.39
726 1910 -1480.39
727 2000 -1480.39
728 3183.6 -1480.39
729 4259.61 -1480.39
730 5237.79 -1480.39
731 6127.05 -1480.39
732 6935.46 -1480.39
733 7670.39 -1480.39
734 8338.5 -1480.39
735 8945.88 -1480.39
736 9498.04 -1480.39
737 10000 -1480.39
738 0 -1164.89
739 2.4916 -1164.89
740 6.05102 -1164.89
741 11.1359 -1164.89
742 18.4001 -1164.89
743 28.7774 -1164.89
744 43.6021 -1164.89
745 64.7804 -1164.89
746 95.035 -1164.89
747 138.256 -1164.89
748 200 -1164.89
749 290 -1164.89
750 380 -1164.89
751 470 -1164.89
752 560 -1164.89
753 650 -1164.89
754 740 -1164.89
755 830 -1164.89
756 920 -1164.89
757 1010 -1164.89
758 1100 -1164.89
759 1190 -1164.89
760 1280 -1164.89
761 1370 -1164.89
762 1460 -1164.89
763 1550 -1164.89
764 1640 -1164.89
765 1730 -1164.89
766 1820 -1164.89
767 1910 -1164.89
768 2000 -1164.89
769 3183.6 -1164.89
770 4259.61 -1164.89
771 5237.79 -1164.89
772 6127.05 -1164.89
773 6935.46 -1164.89
774 7670.39 -1164.89
775 8338.5 -1164.89
776 8945.88 -1164.89
777 9498.04 -1164.89
778 10000 -1164.89
779 0 -849.392
780 2.4916 -849.392
781 6.05102 -849.392
782 11.1359 -849.392
783 18.4001 -849.392
784 28.7774 -849.392
785 43.6021 -849.392
786 64.7804 -849.392
787 95.035 -849.392
788 138.256 -849.392
789 200 -849.392
790 290 -849.392
791 380 -849.392
792 470 -849.392
793 560 -849.392
794 650 -849.392
795 740 -849.392
796 830 -849.392
797 920 -849.392
798 1010 -849.392
799 1100 -849.392
800 1190 -849.392
801 1280 -849.392
802 1370 -849.392
803 1460 -849.392
804 1550 -849.392
805 1640 -849.392
806 1730 -849.392
807 1820 -849.392
808 1910 -849.392
809 2000 -849.392
810 3183.6 -849.392
811 4259.61 -849.392
812 5237.79 -849.392
813 6127.05 -849.392
814 6935.46 -849.392
815 7670.39 -849.392
816 8338.5 -849.392
817 8945.88 -849.392
818 9498.04 -849.392
819 10000 -849.392
820 0 -533.89
821 2.4916 -533.89
822 6.05102 -533.89
823 11.1359 -533.89
824 18.4001 -533.89
825 28.7774 -533.89
826 43.6021 -533.89
827 64.7804 -533.89
828 95.035 -533.89
829 138.256 -533.89
830 200 -533.89
831 290 -533.89
832 380 -533.89
833 470 -533.89
834 560 -533.89
835 650 -533.89
836 740 -533.89
837 830 -533.89
838 920 -533.89
839 1010 -533.89
840 1100 -533.89
841 1190 -533.89
842 1280 -533.89
843 1370 -533.89
844 1460 -533.89
845 1550 -533.89
846 1640 -533.89
847 1730 -533.89
848 1820 -533.89
849 1910 -533.89
850 2000 -533.89
851 3183.6 -533.89
852 4259.61 -533.89
853 5237.79 -533.89
854 6127.05 -533.89
855 6935.46 -533.89
856 7670.39 -533.89
857 8338.5 -533.89
858 8945.88 -533.89
859 9498.04 -533.89
860 10000 -533.89
861 0 -218.388
862 2.4916 -218.388
863 6.05102 -218.388
864 11.1359 -218.388
865 18.4001 -218.388
866 28.7774 -218.388
867 43.6021 -218.388
868 64.7804 -218.388
869 95.035 -218.388
870 138.256 -218.388
871 200 -218.388
872 290 -218.388
873 380 -218.388
874 470 -218.388
875 560 -218.388
876 650 -218.388
877 740 -218.388
878 830 -218.388
879 920 -218.388
880 1010 -218.388
881 1100 -218.388
882 1190 -218.388
883 1280 -218.388
884 1370 -218.388
885 1460 -218.388
886 1550 -218.388
887 1640 -218.388
888 1730 -218.388
889 1820 -218.388
890 1910 -218.388
891 2000 -218.388
892 3183.6 -218.388
893 4259.61 -218.388
894 5237.79 -218.388
895 6127.05 -218.388
896 6935.46 -218.388
897 7670.39 -218.388
898 8338.5 -218.388
899 8945.88 -218.388
900 9498.04 -218.388
901 10000 -218.388
902 0 -138.555
903 2.4916 -138.555
904 6.05102 -138.555
905 11.1359 -138.555
906 18.4001 -138.555
907 28.7774 -138.555
908 43.6021 -138.555
909 64.7804 -138.555
910 95.035 -138.555
911 138.256 -138.555
912 200 -138.555
913 290 -138.555
914 380 -138.555
915 470 -138.555
916 560 -138.555
917 650 -138.555
918 740 -138.555
919 830 -138.555
920 920 -138.555
921 1010 -138.555
922 1100 -138.555
923 1190 -138.555
924 1280 -138.555
925 1370 -138.555
926 1460 -138.555
927 1550 -138.555
928 1640 -138.555
929 1730 -138.555
930 1820 -138.555
931 1910 -138.555
932 2000 -138.555
933 3183.6 -138.555
934 4259.61 -138.555
935 5237.79 -138.555
936 6127.05 -138.555
937 6935.46 -138.555
938 7670.39 -138.555
939 8338.5 -138.555
940 8945.88 -138.555
941 9498.04 -138.555
942 10000 -138.555
943 0 -65.9783
944 2.4916 -65.9783
945 6.05102 -65.9783
946 11.1359 -65.9783
947 18.4001 -65.9783
948 28.7774 -65.9783
949 43.6021 -65.9783
950 64.7804 -65.9783
951 95.035 -65.9783
952 138.256 -65.9783
953 200 -65.9783
954 290 -65.9783
955 380 -65.9783
956 470 -65.9783
957 560 -65.9783
958 650 -65.9783
959 740 -65.9783
960 830 -65.9783
961 920 -65.9783
962 1010 -65.9783
963 1100 -65.9783
964 1190 -65.9783
965 1280 -65.9783
966 1370 -65.9783
967 1460 -65.9783
968 1550 -65.9783
969 1640 -65.9783
970 1730 -65.9783
971 1820 -65.9783
972 1910 -65.9783
973 2000 -65.9783
974 3183.6 -65.9783
975 4259.61 -65.9783
976 5237.79 -65.9783
977 6127.05 -65.9783
978 6935.46 -65.9783
979 7670.39 -65.9783
980 8338.5 -65.9783
981 8945.88 -65.9783
982 9498.04 -65.9783
983 10000 -65.9783
984 0 0
985 2.4916 0
986 6.05102 0
987 11.1359 0
988 18.4001 0
989 28.7774 0
990 43.6021 0
991 64.7804 0
992 95.035 0
993 138.256 0
994 200 0
995 290 0
996 380 0
997 470 0
998 560 0
999 650 0
1000 740 0
1001 830 0
1002 920 0
1003 1010 0
1004 1100 0
1005 1190 0
1006 1280 0
1007 1370 0
1008 1460 0
1009 1550 0
1010 1640 0
1011 1730 0
1012 1820 0
1013 1910 0
1014 2000 0
1015 3183.6 0
1016 4259.61 0
1017 5237.79 0
1018 6127.05 0
1019 6935.46 0
1020 7670.39 0
1021 8338.5 0
1022 8945.88 0
1023 9498.04 0
1024 10000 0
