1.425905867778267e-27
1.188117126867357e-26
3.919001189317524e-26
1.018719356545569e-25
2.420192801123723e-25
5.568478992341727e-25
1.298864782600974e-24
3.287818906686419e-24
1.026424239423299e-23
4.625678603600149e-23
2.239766898066581e-24
9.884994312018577e-23
8.226877946295567e-23
1.011794025600713e-22
1.193438512062264e-22
1.324998192053237e-22
1.411773814439855e-22
1.052831000623365e-22
1.561281893364353e-22
9.299909186702434e-23
1.182690036783284e-22
1.103040330999461e-22
-2.330904372359232e-23
1.145839094854709e-22
-1.868930218708969e-20
-2.686494214506333e-20
-5.559150520710483e-20
-8.531388111634989e-20
-1.165392347555202e-19
-1.491031674301451e-19
-2.248852874296356e-18
-8.453019225008509e-18
-1.380534489652487e-17
-1.770959744981055e-17
-2.020705485450579e-17
-2.156654296279909e-17
-2.208783392515549e-17
-2.202687315357872e-17
-2.157468619422518e-17
-2.086346374087466e-17
-1.030754142840574e-17
3.201187479542033e-07
3.200731688455885e-07
3.198964204619831e-07
3.194051994978287e-07
3.182279314150073e-07
3.156475464316464e-07
3.104715834025824e-07
3.016445440771133e-07
2.938470939505677e-07
3.332038691898440e-07
7.314231570705157e-07
3.609941020909443e-07
3.998019419086166e-07
4.182179338478996e-07
3.944127333457683e-07
3.606216914981529e-07
3.401129670647785e-07
3.268879952480796e-07
1.833307519938868e-07
2.181307323105559e-07
1.793874494916489e-07
1.631979426515977e-07
1.534269668334428e-07
-1.098160362246045e-07
-1.172783516066625e-19
-3.150777566225603e-05
-6.086395367440486e-05
-8.896074280000448e-05
-1.155115750025416e-04
-1.406234197720951e-04
-1.646642212094018e-04
-3.946710081746367e-04
-5.225169062447618e-04
-5.953039767384908e-04
-6.359443010011715e-04
-6.577136483124408e-04
-6.687240307260155e-04
-6.739754020957464e-04
-6.763385840209054e-04
-6.772973337119094e-04
-6.775401710138534e-04
2.401964465632855e-06
2.401743751053065e-06
2.400884909055462e-06
2.398474321818457e-06
2.392553308754501e-06
2.378809387651355e-06
2.347359345580531e-06
2.273663778941278e-06
2.088402158028070e-06
1.558517604129609e-06
-2.423134875671052e-07
1.315634398434271e-06
1.339717322193315e-06
1.131360978816585e-06
9.790602951232576e-07
8.695116003742416e-07
7.551979267314270e-07
6.934364812960419e-07
1.060118997785362e-06
4.967609720388651e-07
1.924935244095579e-07
4.472821045559580e-08
1.607852815981523e-07
1.100214242410113e-06
-3.928564200585828e-19
-7.551138698520152e-05
-1.485171605467010e-04
-2.162705942945205e-04
-2.807374466755790e-04
-3.423483371914615e-04
-4.002577322503870e-04
-9.594507941432284e-04
-1.270075272798906e-03
-1.446760291598517e-03
-1.545287069439879e-03
-1.597957567938413e-03
-1.624489227565989e-03
-1.637074435887402e-03
-1.642703916770392e-03
-1.644974638955561e-03
-1.645547674164793e-03
-1.898002529132957e-06
-1.896396057855407e-06
-1.890150925827764e-06
-1.872669847534205e-06
-1.830018177238745e-06
-1.732499206349647e-06
-1.516416174416803e-06
-1.041771425551580e-06
1.642400445993696e-08
2.494698136904882e-06
8.827842550842634e-06
2.146082787237829e-06
5.623362626705567e-07
7.877940857270428e-07
1.457644196992700e-06
2.113841647152699e-06
2.534958663204599e-06
2.323158579937913e-06
5.321095176992699e-07
2.171008467157020e-06
2.584468577511025e-06
1.610256215315215e-06
-7.473036263158057e-07
-4.881285724741902e-06
-9.888031279647154e-19
-1.448884358253739e-04
-2.740033467146229e-04
-3.999400608275042e-04
-5.184121421357077e-04
-6.298604699121912e-04
-7.389777997421145e-04
-1.770730823481127e-03
-2.343280724724552e-03
-2.667941590926828e-03
-2.848363306419059e-03
-2.944251119452178e-03
-2.991957334259798e-03
-3.014218066611842e-03
-3.023995039567342e-03
-3.027866841638826e-03
-3.028832714712059e-03
1.394792288941635e-05
1.394139469806464e-05
1.391602205045323e-05
1.384504517897891e-05
1.367214116953068e-05
1.327821963685023e-05
1.241212753124968e-05
1.054064926704185e-05
6.505819839383161e-06
-2.343789171030736e-06
-2.242013972823731e-05
4.048096250109317e-06
1.352793530809353e-05
1.381514079760471e-05
9.904707074007523e-06
4.780335127310916e-06
6.399474503840279e-07
-3.068585931018382e-07
4.642966509491167e-06
-1.619034791889603e-06
-2.786911776455255e-06
2.144701312645375e-06
1.152707563333055e-05
2.311026917183713e-05
-2.496653476444053e-18
-2.139820586266438e-04
-4.450198677694610e-04
-6.544988633632317e-04
-8.582974366991285e-04
-1.056180783905185e-03
-1.233439391546701e-03
-2.945457131117774e-03
-3.896665484522892e-03
-4.430246131724635e-03
-4.724885798189611e-03
-4.879147848608299e-03
-4.953120265338271e-03
-4.986186271115908e-03
-4.999930390688631e-03
-5.005066875657401e-03
-5.006298814943169e-03
1.835195781304907e-04
1.835366513389383e-04
1.836030046026434e-04
1.837885879835785e-04
1.842404897107859e-04
1.852690522450208e-04
1.875257338080266e-04
1.923802422372708e-04
2.027496061450776e-04
2.250746327020439e-04
2.737364628534773e-04
1.513858934057384e-04
7.903003839120549e-05
4.024872299713125e-05
2.083112263204057e-05
1.027234784923964e-05
-3.540034918125535e-08
-1.791485932118822e-05
-5.056918578278848e-05
-4.095343925552311e-05
-4.302794356913570e-05
-6.051637177855215e-05
-8.516551957436839e-05
-1.045751440521440e-04
-4.615071041018753e-18
-4.639813158859336e-04
-7.957311845049899e-04
-1.126680634087287e-03
-1.414252845225791e-03
-1.668761188088729e-03
-1.947175202543770e-03
-4.681439845190572e-03
-6.191439821566880e-03
-7.002416575632310e-03
-7.460713408925932e-03
-7.682729876844051e-03
-7.779833226993987e-03
-7.817566147471351e-03
-7.830168345986849e-03
-7.833586974606593e-03
-7.834186729090654e-03
-1.318131372774118e-03
-1.318161601936561e-03
-1.318279085433718e-03
-1.318607682615996e-03
-1.319407874380677e-03
-1.321229419961532e-03
-1.325227151969050e-03
-1.333832978579484e-03
-1.352246092453467e-03
-1.392078557923429e-03
-1.478669283627426e-03
-9.427244976963841e-04
-5.427235145071204e-04
-2.504037109611119e-04
-3.289351508253012e-05
1.368509483838285e-04
2.823838211900723e-04
4.248141729170604e-04
5.811913367405535e-04
5.641355192701323e-04
5.489747411879819e-04
5.506617103759147e-04
5.421553903515010e-04
4.820243118291793e-04
-1.562203480317087e-17
-1.349365238282302e-04
-6.314257839492464e-04
-1.084733347391805e-03
-1.636786460382799e-03
-2.252562610212836e-03
-2.743522858737571e-03
-7.655686812643964e-03
-9.542855049147194e-03
-1.091983430674853e-02
-1.156309206707478e-02
-1.181646341912306e-02
-1.189179708659128e-02
-1.189842728421702e-02
-1.188637882611492e-02
-1.187566743831843e-02
-1.187203788077338e-02
1.211304731991102e-02
1.211303639235198e-02
1.211299395856401e-02
1.211287555597848e-02
1.211258893076059e-02
1.211194538353662e-02
1.211057621562808e-02
1.210782989823746e-02
1.210288038983727e-02
1.209664768934185e-02
1.209435778448022e-02
9.813867845002969e-03
7.835318932012983e-03
6.129514192093009e-03
4.635138053763785e-03
3.299050563776496e-03
2.073296847795143e-03
9.150813466459525e-04
-2.054102449461556e-04
-6.718202936185174e-04
-1.041086539408768e-03
-1.363636858993208e-03
-1.554373914753236e-03
-1.484852269446947e-03
-2.130603693007077e-17
-3.331360866728844e-03
-5.212550791017670e-03
-6.918261753291199e-03
-7.999059625125392e-03
-8.586001329103338e-03
-9.309679249596959e-03
-9.990589579984891e-03
-1.558819289056040e-02
-1.757663841788269e-02
-1.810290851043691e-02
-1.809224964785533e-02
-1.793073207386763e-02
-1.776527318219729e-02
-1.764470426621340e-02
-1.757776361718420e-02
-1.755796020317311e-02
-8.255125269193966e-02
-8.255082993974343e-02
-8.254918720733503e-02
-8.254459465582535e-02
-8.253342371193832e-02
-8.250806086170613e-02
-8.245271930136404e-02
-8.233508317743579e-02
-8.209026196516062e-02
-8.159356707825936e-02
-8.060125018485766e-02
-7.131278609538613e-02
-6.242824063068228e-02
-5.399424373369105e-02
-4.593380246987640e-02
-3.818231634726570e-02
-3.068278477647036e-02
-2.338906633597069e-02
-1.629326175945368e-02
-1.143132446282233e-02
-7.071112003880542e-03
-3.079392554505508e-03
2.492904892015820e-04
2.492706485394599e-03
-1.494417201115577e-16
9.575394634172714e-03
1.438102217171368e-02
1.834610385346358e-02
1.996198556561830e-02
1.961479232644212e-02
1.931567694228166e-02
-2.733763502098152e-02
-3.171840145567163e-02
-3.079613462200383e-02
-2.907263881204081e-02
-2.757734608972418e-02
-2.647372424394813e-02
-2.573115869631110e-02
-2.527875253886444e-02
-2.504808405110216e-02
-2.498214995553484e-02
4.038372243962618e-01
4.038348196829731e-01
4.038254752031976e-01
4.037993491708426e-01
4.037357888046644e-01
4.035914203236409e-01
4.032761221525744e-01
4.026045671145055e-01
4.012006486484223e-01
3.983208935297194e-01
3.924865449247971e-01
3.574042143067385e-01
3.219745949804125e-01
2.866352810461035e-01
2.514105232583395e-01
2.163514280194817e-01
1.815245832219281e-01
1.470246037502040e-01
1.130622958488982e-01
8.632730448215294e-02
6.146373639416385e-02
3.817499898104084e-02
1.751229850625529e-02
9.088424858411599e-04
-9.718653613308711e-15
-5.703397442048411e-02
-9.687233539125481e-02
-1.318225185509915e-01
-1.569735440812821e-01
-1.735241961193668e-01
-1.879084106746450e-01
-9.395280519761626e-02
-6.525085365217341e-02
-5.071553946029041e-02
-4.268380844458763e-02
-3.792934491169322e-02
-3.504396880267972e-02
-3.330393515022401e-02
-3.230886835758720e-02
-3.181856183559368e-02
-3.168045158734661e-02
4.795627702774262e-01
4.795587025336343e-01
4.795428939826631e-01
4.794986815787780e-01
4.793910376154318e-01
4.791461031720935e-01
4.786090007291708e-01
4.774543175041646e-01
4.749840002203780e-01
4.695502914559253e-01
4.611348826624774e-01
4.201884196570283e-01
3.794159262207393e-01
3.387093236862574e-01
2.981259710713300e-01
2.577054206167735e-01
2.175087033615461e-01
1.776332143949719e-01
1.381951088489651e-01
1.090034758671969e-01
8.191864165203298e-02
5.632489310229914e-02
3.301089573475372e-02
1.407283782112528e-02
-2.047785889150913e-14
-4.794141474793786e-02
-8.954947909047739e-02
-1.261176311888524e-01
-1.522991099247788e-01
-1.689831855009200e-01
-1.844002893850199e-01
-9.565671352578767e-02
-6.558555540008745e-02
-5.099456924404144e-02
-4.283752968940511e-02
-3.804594675969041e-02
-3.513550423836236e-02
-3.338298005857828e-02
-3.238098993141047e-02
-3.188744606820518e-02
-3.174843345984630e-02
5.628867650053799e-01
5.628812884128038e-01
5.628600055744843e-01
5.628004906479827e-01
5.626556362240999e-01
5.623262838626629e-01
5.616053672577959e-01
5.600624867194191e-01
5.568050380875749e-01
5.499920857820098e-01
5.293414245100641e-01
4.829594601720806e-01
4.367657258128007e-01
3.906832629332783e-01
3.447176313480617e-01
2.989015517559363e-01
2.532856245785051e-01
2.079447334751029e-01
1.629844103762919e-01
1.311131398774845e-01
1.015545453571596e-01
7.319679742647410e-02
4.666414857091433e-02
2.260390842924384e-02
-1.270996492175794e-14
-4.323203347486457e-02
-8.392892980115388e-02
-1.215349196165719e-01
-1.483621191003261e-01
-1.652051710913958e-01
-1.809836282031635e-01
-9.719236515183223e-02
-6.591986156797675e-02
-5.125331436636014e-02
-4.298289877846483e-02
-3.815527412867132e-02
-3.522143479188396e-02
-3.345711030411020e-02
-3.244861199770242e-02
-3.195202122711746e-02
-3.181215960199842e-02
6.564975428007485e-01
6.564908198882586e-01
6.564646945274706e-01
6.563916449239739e-01
6.562138896356773e-01
6.558099491210491e-01
6.549268305324483e-01
6.530418380492325e-01
6.490852662818680e-01
6.409799836650971e-01
6.277950953233198e-01
5.723503045733388e-01
5.170547728870173e-01
4.618741248619826e-01
4.068010858897748e-01
3.518533202581117e-01
2.970662264742484e-01
2.424943295853483e-01
1.882183069960301e-01
1.529517550595108e-01
1.205061106178190e-01
8.889496031999072e-02
5.838005206844576e-02
2.894273811196253e-02
-7.481688859237765e-15
-4.103374766614622e-02
-8.089250745891141e-02
-1.191937419465556e-01
-1.464650203428611e-01
-1.631534102298847e-01
-1.790296097605641e-01
-9.826955837437770e-02
-6.632023648459641e-02
-5.147525243614635e-02
-4.312375787844250e-02
-3.825625337524623e-02
-3.530195746375914e-02
-3.352622490824592e-02
-3.251172081538534e-02
-3.201225618564522e-02
-3.187160651375617e-02
7.628072382346439e-01
7.627992426876696e-01
7.627681715566172e-01
7.626812906833491e-01
7.624698650458193e-01
7.619893349506091e-01
7.609383875492109e-01
7.586930929050331e-01
7.539662373340138e-01
7.439842074420701e-01
7.277724696849615e-01
6.630646539144192e-01
5.984851460616463e-01
5.340074100364961e-01
4.696178877061072e-01
4.053208684713542e-01
3.411343615289894e-01
2.770898266902763e-01
2.132347294844376e-01
1.744431614709489e-01
1.389654290841326e-01
1.039100447717556e-01
6.928370031724435e-02
3.478872244563518e-02
-3.412270010744157e-15
-3.933899653473333e-02
-7.865120251099221e-02
-1.175361127908608e-01
-1.451020355876469e-01
-1.615265772305547e-01
-1.774586991552098e-01
-9.915552180391823e-02
-6.671823334727232e-02
-5.167763113214762e-02
-4.325535360654865e-02
-3.835003576821101e-02
-3.537669513185121e-02
-3.359037626462739e-02
-3.257026485248261e-02
-3.206813254300883e-02
-3.192674704754948e-02
8.841960054923219e-01
8.841867811892923e-01
8.841509341049700e-01
8.840506909481693e-01
8.838067003065807e-01
8.832519070370610e-01
8.820373631620921e-01
8.794375171186160e-01
8.739484504450563e-01
8.626137362740858e-01
8.295124272286672e-01
7.552832538435685e-01
6.811859196213997e-01
6.071691955337999e-01
5.332144650410660e-01
4.593129091383232e-01
3.854646860892995e-01
3.116764704844746e-01
2.379596370532610e-01
1.955753122607086e-01
1.570176182947287e-01
1.184952049993638e-01
7.983239057777071e-02
4.073763410719895e-02
-6.355144710878006e-16
-3.754410802536705e-02
-7.671732445693140e-02
-1.162280754328477e-01
-1.440522763410406e-01
-1.601664885187165e-01
-1.761406613966901e-01
-9.989328141828088e-02
-6.710226156777224e-02
-5.186283441414043e-02
-4.337691187392166e-02
-3.843670791187788e-02
-3.544556346086526e-02
-3.364954083476189e-02
-3.262421575734414e-02
-3.211962759422611e-02
-3.197755863430956e-02
1.022874470187956e+00
1.022864406247985e+00
1.022825294416019e+00
1.022715907979813e+00
1.022449581515089e+00
1.021843574146221e+00
1.020514794440185e+00
1.017659852458992e+00
1.011574774020961e+00
9.984297716002168e-01
9.777325487829086e-01
8.878093598439406e-01
7.979796124706405e-01
7.082121218171420e-01
6.184757673432980e-01
5.287495234270670e-01
4.390161951261806e-01
3.492580201460535e-01
2.594515610895148e-01
2.130333868777674e-01
1.716668794309260e-01
1.299971008784374e-01
8.776306582557718e-02
4.444879678764479e-02
2.755800647271557e-15
-3.749781927299148e-02
-7.640739714702571e-02
-1.164753233891048e-01
-1.444110070082408e-01
-1.600863024024929e-01
-1.759441115450792e-01
-1.002912817143091e-01
-6.751975845995917e-02
-5.201794692552269e-02
-4.349171667975565e-02
-3.851528171502994e-02
-3.550877049980791e-02
-3.370362026972154e-02
-3.267356780563598e-02
-3.216671461786370e-02
-3.202402315195958e-02
1.180246391591294e+00
1.180236452573102e+00
1.180197824200761e+00
1.180089773406488e+00
1.179826600335086e+00
1.179227269960625e+00
1.177910903569799e+00
1.175073999266012e+00
1.168998839011198e+00
1.155898986624054e+00
1.125915025368469e+00
1.020274598579207e+00
9.147302421788290e-01
8.092247978422051e-01
7.037177886108575e-01
5.981766075699353e-01
4.925686685732746e-01
3.868538242700449e-01
2.809775487348457e-01
2.305606434075861e-01
1.864542061671843e-01
1.417763800838184e-01
9.618224583838590e-02
4.917667582904508e-02
4.720039894944370e-15
-3.649311419086294e-02
-7.566017107375259e-02
-1.164822826564585e-01
-1.446457524135493e-01
-1.599277918288046e-01
-1.756905472854136e-01
-1.006247122079431e-01
-6.790465433791178e-02
-5.215865705536760e-02
-4.359571590206510e-02
-3.858668866137754e-02
-3.556602379529013e-02
-3.375265248177969e-02
-3.271828142632620e-02
-3.220937885348586e-02
-3.206611925474120e-02
1.355723910867665e+00
1.355716178517940e+00
1.355686115877632e+00
1.355601940720723e+00
1.355396414990531e+00
1.354925755802128e+00
1.353879724455989e+00
1.351572625925424e+00
1.346447036967791e+00
1.335058455320594e+00
1.302211912570976e+00
1.176835411018655e+00
1.051558180147143e+00
9.262955067366784e-01
8.009961428938324e-01
6.756195015639970e-01
5.501211681087540e-01
4.244417018475629e-01
2.984998922467826e-01
2.441362968254674e-01
1.978649836379082e-01
1.508286655542164e-01
1.026290801799010e-01
5.273623871877271e-02
6.393782298615689e-15
-3.577672719034922e-02
-7.508184221569633e-02
-1.164564403326871e-01
-1.447624946687178e-01
-1.597176894703161e-01
-1.754018760635494e-01
-1.008897350834782e-01
-6.826024109963365e-02
-5.228286466871541e-02
-4.368953544546886e-02
-3.865062665283710e-02
-3.561736574661202e-02
-3.379658895031837e-02
-3.275834309247633e-02
-3.224760051568382e-02
-3.210383065027098e-02
1.544134917553745e+00
1.544134668186112e+00
1.544133669075070e+00
1.544130634660053e+00
1.544121796867085e+00
1.544094063293683e+00
1.543995908279246e+00
1.543607446641916e+00
1.541932912669759e+00
1.534815686920841e+00
1.522351691088039e+00
1.370993576386624e+00
1.219718402446577e+00
1.068428294387386e+00
9.170613984989510e-01
7.655778557672034e-01
6.139266033192822e-01
4.620324963623055e-01
3.097906058236459e-01
2.515452484845009e-01
2.039684628041381e-01
1.554948617104368e-01
1.057899284299745e-01
5.399318968055770e-02
8.801728084025471e-15
-3.596135182845913e-02
-7.495181420288072e-02
-1.164895108629450e-01
-1.447286658270790e-01
-1.594326622315954e-01
-1.750529379403424e-01
-1.010930456188065e-01
-6.858729202556881e-02
-5.238914110646533e-02
-4.377364498579389e-02
-3.870684148726895e-02
-3.566283155446522e-02
-3.383538649618435e-02
-3.279374059531519e-02
-3.228136186633404e-02
-3.213714268895811e-02
1.730338591342447e+00
1.730354323718760e+00
1.730415446654749e+00
1.730586246138588e+00
1.731001205670944e+00
1.731940654542537e+00
1.733976362335698e+00
1.738225442420789e+00
1.746569217218823e+00
1.758466955138047e+00
1.742407440944464e+00
1.565084421723535e+00
1.387880552631119e+00
1.210592112182313e+00
1.033182734033825e+00
8.556243575992757e-01
6.778653102755080e-01
4.998204150575331e-01
3.213588662219084e-01
2.593298849780051e-01
2.105789615633314e-01
1.608729484265881e-01
1.098898864549870e-01
5.735780167998910e-02
7.050094824680753e-15
-3.414497509970124e-02
-7.395143748944362e-02
-1.158671044065045e-01
-1.442060279705779e-01
-1.587416678516008e-01
-1.743155586354170e-01
-1.013114777691222e-01
-6.886924261617174e-02
-5.248051201126758e-02
-4.384738540415688e-02
-3.875537590958307e-02
-3.570238658990946e-02
-3.386902263261865e-02
-3.282445949393092e-02
-3.231064802343393e-02
-3.216604209853542e-02
1.886067080189227e+00
1.886101262317512e+00
1.886234138490404e+00
1.886606026668568e+00
1.887513077411535e+00
1.889585431376013e+00
1.894170584280219e+00
1.904216760141578e+00
1.926564013926968e+00
1.980214914928977e+00
2.065774065339494e+00
1.847077661261140e+00
1.628334678479290e+00
1.409370758535627e+00
1.190254718719740e+00
9.709655341710092e-01
7.514569962114520e-01
5.316516860270593e-01
3.113820401052829e-01
2.464429826129893e-01
1.993947210284692e-01
1.513739789230790e-01
1.021522919627349e-01
5.157334051903036e-02
6.921729306407213e-15
-3.600849184540250e-02
-7.385232762259133e-02
-1.136578858052865e-01
-1.410495100480207e-01
-1.558640041575692e-01
-1.718031830038831e-01
-1.018697805744689e-01
-6.902734894367014e-02
-5.257617888703035e-02
-4.390583962645557e-02
-3.879741640928723e-02
-3.573569540511258e-02
-3.389755895942077e-02
-3.285046564148349e-02
-3.233545208274265e-02
-3.219051447138396e-02
1.981317463821539e+00
1.981357254628867e+00
1.981511951792766e+00
1.981945058961184e+00
1.983002317360461e+00
1.985422573742273e+00
1.990800915568045e+00
2.002699695498658e+00
2.029743839042194e+00
2.096498925785875e+00
2.390137248751685e+00
2.130630228940993e+00
1.869975275736718e+00
1.609110881989827e+00
1.348058852741850e+00
1.086823354777076e+00
8.253666172921411e-01
5.636174495570087e-01
3.014923590907885e-01
2.336751899830076e-01
1.884969595772577e-01
1.423670382825713e-01
9.506581263010223e-02
4.652796379833431e-02
3.304122609654797e-15
-3.707384499392944e-02
-7.297434733652780e-02
-1.107299182099060e-01
-1.372803583664645e-01
-1.524792969877931e-01
-1.687374237918741e-01
-1.024990478299654e-01
-6.912689786311609e-02
-5.265926271476831e-02
-4.395334401171928e-02
-3.883175418729568e-02
-3.576305706082212e-02
-3.392089239748920e-02
-3.287177193834544e-02
-3.235575618253700e-02
-3.221055348272944e-02
2.003680488893024e+00
2.003696934863286e+00
2.003760844638248e+00
2.003939547083305e+00
2.004374407109933e+00
2.005362625529899e+00
2.007522612602937e+00
2.012124366524963e+00
2.021678486329104e+00
2.040444697191838e+00
1.996707172671825e+00
1.896952815258937e+00
1.703698506325023e+00
1.486000329973708e+00
1.257667503470680e+00
1.026294264587998e+00
7.985072557748141e-01
5.835086320948615e-01
4.124500272137505e-01
2.902871728142195e-01
2.127067911457662e-01
1.515945350221788e-01
9.742200585594174e-02
4.721901157697977e-02
1.196968319499053e-17
-3.620064115784873e-02
-7.034915725192231e-02
-1.007878044158024e-01
-1.258175600722934e-01
-1.451728585974235e-01
-1.595564599028338e-01
-1.044512458720563e-01
-6.893487480020423e-02
-5.281902930148252e-02
-4.398656547469553e-02
-3.887250727448784e-02
-3.579110773960829e-02
-3.394595389357621e-02
-3.289435551331987e-02
-3.237735390383520e-02
-3.223184500587255e-02
1.966027894473277e+00
1.966019352510643e+00
1.965986121075024e+00
1.965892904025990e+00
1.965664274387760e+00
1.965135250342602e+00
1.963932136681850e+00
1.961140855452318e+00
1.954175792232687e+00
1.933123065426013e+00
1.889961382108951e+00
1.775972774183272e+00
1.615260345435017e+00
1.421084568181724e+00
1.211409768453151e+00
9.974969037614673e-01
7.895460819541243e-01
6.004286352133470e-01
4.418721255544590e-01
3.197226975408918e-01
2.287113166436183e-01
1.586789757387619e-01
1.000985110999362e-01
4.799886092414944e-02
1.244802663470670e-17
-3.538470551095520e-02
-6.793514905516893e-02
-9.677303807663631e-02
-1.210354166051893e-01
-1.403683859329558e-01
-1.549209531192917e-01
-1.053971515041804e-01
-6.886071890082973e-02
-5.289367950973325e-02
-4.400670254288522e-02
-3.889287554596024e-02
-3.580600060659988e-02
-3.395893684848741e-02
-3.290614995387033e-02
-3.238860324842814e-02
-3.224294581368725e-02
1.947343859598661e+00
1.947327793530076e+00
1.947265333379210e+00
1.947090471143358e+00
1.946663675819616e+00
1.945687131660387e+00
1.943520922633464e+00
1.938763916707737e+00
1.928311484260325e+00
1.907042422213663e+00
1.857115654985162e+00
1.744795393879731e+00
1.588936838144566e+00
1.401988173167380e+00
1.197971755647930e+00
9.894251063454119e-01
7.877003432863043e-01
6.044417664003399e-01
4.495983327817808e-01
3.271875930528337e-01
2.337497527013579e-01
1.610711387378187e-01
1.010585392941960e-01
4.830644004121326e-02
6.226562064730793e-18
-3.507344814248465e-02
-6.721981601802580e-02
-9.565860898868943e-02
-1.196908801417583e-01
-1.389727081582013e-01
-1.535703492186340e-01
-1.056677825335484e-01
-6.884167387775118e-02
-5.291464827073725e-02
-4.401291646811838e-02
-3.889875615286729e-02
-3.581039795992889e-02
-3.396273703817412e-02
-3.290961193894805e-02
-3.239190216761677e-02
-3.224620287333054e-02
